params_init = [-0.0400000000000000	0.0870000574985959	0.0740000000000000	6.80902785103868e-05	4.80000000000000	9.99997774924231e-05	50	0.0300000000000000];


params_lb = [-0.04, 0.075, 0.074, 0.000025, 4.8, 0.000035, 50, 0.03];
params_ub = [-0.04, 0.079, 0.074, 0.000045, 4.8, 0.000045, 50, 0.03];

param_hat = [-0.0400000000000000	0.0761260323831000	0.0740000000000000	4.49999999777422e-05	4.80000000000000	4.49999999680122e-05	50	0.0300000000000000]


Beam:
params_init = [-0.04, 0.06, 0.074, 0.00002, 10, 0.0002, 50, 0.03];

params_lb = [-0.1, 0.06, 0.001, 0.00002, 4.8, 0.0002, 10, 0.005];
params_ub = [-0.001, 0.06, 0.2, 0.00002 , 40, 0.0002 , 55, 0.05];

param_hat = -0.0983650256601377	0.0600000000000000	0.00355908041223159	2.00000000000000e-05	28.0708803836993	0.000200000000000000	25.900874452876571	0.0300000000000000



