g = 9.81;
l_1 = 0.1;
l_2 = 0.1;
m_1 = 0.125;
m_2 = 0.05;

c_1_0 = 0.05;
c_2_0 = -0.04;
I_1_0 = 0.06;
I_2_0 = 0.00012;
b_1_0 = 4.8;
b_2_0 = 0.0002;
k_m_0 = 50;
tau_c_0 = 0.03;


