down/down position:

A = 

         0    1.0000         0         0         0
    1.5151 -372.8859    0.5637    0.0013   13.2841
         0         0         0    1.0000         0
 -114.9175  797.3815 -112.8832   -0.1375  -28.4069
         0         0         0         0  -33.3333


B = 



         0
         0
         0
         0
  863.3333


C =

     1     0     0     0     0
     0     0     1     0     0


D =

     0
     0
